Povrsine
povrsina_1 -10 90
povrsina_2 330 330
masina_za_obradu 320 47
skladiste 0 330

B tacke
0 140 150
3 150 370
1 550 370
1 420 450
2 470 90

S tacke
0 20 210
0 60 210
0 100 210
0 140 210
0 180 210
0 220 210
0 260 210
0 60 250
0 100 250
0 140 250
0 180 250
0 220 250
2 490 430
2 530 430
2 570 430
2 610 430
3 360 510
3 400 510
3 440 510
3 480 510
1 30 430
1 70 430
1 110 430
1 150 430
1 190 430
1 230 430
1 270 430
1 30 470
1 70 470
1 110 470
1 150 470
1 190 470
1 230 470
1 270 470
1 30 510
1 70 510
1 110 510
1 150 510
1 190 510
1 230 510
1 270 510
4 350 150
4 390 150
4 430 150
4 470 150
4 510 150
4 550 150
4 590 150
4 350 190
4 390 190
4 430 190
4 470 190
4 510 190
4 550 190
4 590 190
4 350 230
4 390 230
4 430 230
4 470 230
4 510 230
4 550 230
4 590 230

Putanje
0 1 1
0 4 5
1 3 2
2 3 5
2 4 3
3 4 1

Medjusobna blokiranja S tacaka
21 22
50 60


